[[0.0, 146.32839779072276, 145.4269576110289, 181.91206666958627, 77.10382610480494, 147.61097520171052, 76.79192665899195, 100.70253224224304, 195.02820308868152, 151.25144627407698, 49.92995093127971, 84.53401682163222, 64.62197768561404, 114.84337159801605, 29.68164415931166, 108.2081327812286, 135.88230201170424, 32.984845004941285, 64.1248781675256, 88.3911760301898, 18.35755975068582, 153.95129099815955, 145.91093173576817, 39.319206502675, 188.4728097100481, 37.64306044943742, 219.66565503054863, 44.94441010848846, 24.0, 57.77542730261716, 144.81022063376605, 38.3275357934736, 74.65252842335616, 57.0, 58.05170109479997, 126.57408897558773, 144.22205101855957, 189.44656238633627, 69.02897942168927, 140.6627171641441, 144.69277798148738, 151.21177202850313, 44.10215414239989, 84.50443775329198, 85.09406559801923, 40.049968789001575, 149.61617559608987, 127.61269529321916, 138.69751259485514, 40.26164427839479, 19.235384061671343, 220.6558406206371, 71.84705978674423, 106.55045753069294, 72.3394774656273, 160.3277892319357, 42.579337712087536, 101.01980003939822, 116.40017182117903], [146.32839779072276, 0.0, 35.84689665786984, 40.792156108742276, 80.00624975587844, 40.70626487409524, 148.6371420607918, 51.0, 67.23094525588644, 30.870698080866262, 109.65856099730654, 99.24716620639605, 112.16059914247963, 33.421549934136806, 165.42369842317032, 65.55150646628954, 52.3450093132096, 154.20765220960988, 92.45539465060976, 74.54528824815154, 161.01242188104618, 20.024984394500787, 50.774009099144415, 113.53413583587978, 43.289721643826724, 139.40229553346674, 86.33075929238663, 120.59850745345068, 139.26952286842948, 88.60022573334675, 71.40028011149536, 108.33743581975715, 78.31347265956222, 95.69221493935649, 102.30347012687302, 57.8013840664737, 46.69047011971501, 47.265209192385896, 87.32124598286491, 27.018512172212592, 47.70744176750625, 47.4236228055175, 108.2266141020775, 71.0, 61.326992425847855, 111.13955191559843, 37.16180835212409, 42.43819034784589, 33.301651610693426, 116.21101496846157, 134.6476884316994, 91.7877987534291, 95.13148795220224, 43.04648650006177, 130.24976007655445, 14.866068747318506, 129.5569372901351, 106.77546534667971, 45.880278987817846], [145.4269576110289, 35.84689665786984, 0.0, 69.8927750200262, 69.77105417004964, 5.0990195135927845, 129.31357237351384, 45.27692569068709, 100.00499987500625, 66.64833081180653, 100.64790112068906, 79.63039620647382, 97.26767191621273, 52.61178575186362, 158.7765725792064, 43.56604182158393, 19.313207915827967, 160.58953888718904, 104.10091258005379, 60.166435825965294, 162.265215003093, 20.248456731316587, 15.0, 119.75391434103521, 66.30987860040162, 147.75655653811103, 115.6027681329474, 110.69326989478628, 132.83448347473634, 89.8276126811795, 36.069377593742864, 110.39021695784459, 71.02112361825881, 104.62313319720452, 113.74093370462545, 28.284271247461902, 81.27115109311545, 74.30343195303969, 99.84988733093293, 10.04987562112089, 12.041594578792296, 12.165525060596439, 114.97825881443848, 61.40032573203501, 67.67569726275453, 116.84605256490268, 4.242640687119285, 18.384776310850235, 7.211102550927978, 123.5556554755791, 137.97463535012514, 122.58874336577564, 81.27115109311545, 41.400483088968905, 111.75866856758807, 35.805027579936315, 119.03780911962384, 81.49846624323675, 29.154759474226502], [181.91206666958627, 40.792156108742276, 69.8927750200262, 0.0, 120.20399327809372, 73.60027173862879, 189.39112967612817, 91.35097153287424, 31.622776601683793, 33.60059523282288, 149.05368160498418, 140.03570973148243, 152.64337522473747, 67.26812023536856, 203.22647465327935, 105.94810050208545, 88.83692925805124, 185.22418848519757, 122.65398485169571, 115.26057435220423, 195.1127878945919, 49.64876634922564, 84.20213774008353, 146.18481453283715, 13.341664064126334, 169.49631264425784, 46.09772228646444, 160.04999218994044, 177.36967046256808, 125.13193037750197, 105.4229576515476, 143.58621103713267, 118.00423721205946, 127.58134659894448, 131.94695904036593, 96.15092303249095, 49.678969393496885, 7.615773105863909, 117.27318534089538, 63.953107821277925, 81.60882305241266, 78.74642849044012, 140.80127840328723, 111.28791488746656, 97.49358953285082, 144.22205101855957, 69.20260110718382, 81.54140052758476, 70.2353187506115, 148.00337833982033, 168.24387061643583, 52.69724850502159, 135.6244815658294, 83.21658488546619, 170.98830369355676, 34.132096331752024, 169.04733065032408, 147.05441169852742, 86.40023148117139], [77.10382610480494, 80.00624975587844, 69.77105417004964, 120.20399327809372, 0.0, 71.34423592694787, 70.83784299369935, 29.017236257093817, 141.89080308462562, 96.84007434941384, 31.016124838541646, 27.80287754891569, 32.7566787083184, 57.584720195551874, 89.05054744357274, 31.400636936215164, 58.7962583843564, 97.6165969494942, 57.55866572463264, 11.661903789690601, 94.79451460923254, 81.74350127074322, 68.8839603971781, 60.440052945046304, 123.14625451064275, 88.02272433866155, 164.07315441594946, 41.48493702538308, 63.06346010171025, 30.14962686336267, 68.79680225126747, 47.01063709417264, 6.324555320336759, 53.009433122794285, 64.00781202322104, 49.51767361255979, 98.8382517044894, 127.06297651164952, 56.515484603779164, 66.73080248281148, 67.80117993073571, 74.4043009509531, 57.271284253105414, 9.055385138137417, 33.94112549695428, 57.28001396647874, 73.824115301167, 51.478150704935004, 63.56099432828282, 65.25335240430181, 73.24616030891995, 167.90473489452285, 16.15549442140351, 37.013511046643494, 52.55473337388365, 91.6624241442479, 50.21951811795888, 45.18849411078001, 40.718546143004666], [147.61097520171052, 40.70626487409524, 5.0990195135927845, 73.60027173862879, 71.34423592694787, 0.0, 128.76334882255898, 48.16637831516918, 104.06248123122954, 71.55417527999327, 102.0, 79.42921376924235, 97.71898484941399, 57.42821606144492, 160.12495120998477, 43.68065933568311, 17.11724276862369, 163.6001222493431, 107.91200118615167, 61.26989472816156, 164.6572197020222, 24.08318915758459, 10.63014581273465, 122.9186723000212, 69.31810730249349, 151.02979838429235, 119.03780911962384, 111.8257573191436, 134.33167906342868, 92.65527507918802, 31.89043743820395, 113.13708498984761, 73.00684899377592, 108.16653826391968, 117.47765745025733, 27.018512172212592, 86.33075929238663, 77.69813382572325, 103.76897416858277, 15.132745950421556, 8.06225774829855, 7.0710678118654755, 118.2285921425101, 63.245553203367585, 71.34423592694787, 119.97082978791136, 4.47213595499958, 20.0, 11.40175425099138, 126.82271089990152, 140.71602609511115, 126.24579200908045, 82.0792300158816, 44.94441010848846, 111.46299834474219, 39.698866482558415, 120.01666550941998, 80.09993757800315, 31.240998703626616], [76.79192665899195, 148.6371420607918, 129.31357237351384, 189.39112967612817, 70.83784299369935, 128.76334882255898, 0.0, 98.48857801796105, 212.5111761766896, 167.6305461424021, 50.99019513592785, 50.00999900019995, 38.48376280978771, 128.41339493993607, 61.61168720299745, 86.02325267042627, 112.14722466472365, 109.65856099730654, 109.65856099730654, 74.14849964766651, 92.02173656261873, 146.01369798755184, 121.82364302548172, 95.1892851112981, 190.7590102721232, 110.67971810589327, 234.18368858654523, 43.41658669218482, 53.150729063673246, 83.09632964216891, 109.73149046650191, 81.60882305241266, 74.84650960465692, 101.9803902718557, 110.42191811411355, 101.83319694480774, 169.26015479137433, 195.86985475054604, 111.73182178770737, 130.00384609695206, 122.3315167894194, 128.7245120402482, 96.26006440887103, 79.12016177940993, 102.42070103255493, 93.1933474020544, 132.54433220624713, 112.01785571952357, 125.03599481749245, 99.4786409235671, 89.49301648732151, 238.41560351621283, 54.70831746635972, 106.73331251301067, 18.439088914585774, 158.45504094221806, 38.47076812334269, 51.264022471905186, 104.17293314484334], [100.70253224224304, 51.0, 45.27692569068709, 91.35097153287424, 29.017236257093817, 48.16637831516918, 98.48857801796105, 0.0, 114.17968295629481, 69.85699678629192, 59.22837157984339, 50.566787519082126, 61.29437168288782, 32.64965543462902, 116.37869220780924, 26.0, 40.85339643163099, 115.43396380615195, 61.68468205316454, 24.698178070456937, 117.2006825918689, 53.85164807134504, 49.24428900898052, 74.81310045707235, 94.13288479590966, 103.00485425454472, 135.71293232407882, 70.03570517957252, 90.13878188659973, 44.553338819890925, 57.55866572463264, 65.11528238439882, 27.892651361962706, 60.8276253029822, 70.77428911688199, 35.35533905932738, 74.81310045707235, 98.12746812182611, 58.240879114244144, 39.96248240537617, 47.16990566028302, 53.009433122794285, 70.21395872616783, 20.0, 25.495097567963924, 71.84010022264724, 49.51767361255979, 28.844410203711913, 38.28837943815329, 78.81624198095213, 92.69843580125827, 139.97856978837868, 44.28317965096906, 8.246211251235321, 80.049984384758, 62.80127387243033, 78.91767862779544, 62.48199740725323, 17.88854381999832], [195.02820308868152, 67.23094525588644, 100.00499987500625, 31.622776601683793, 141.89080308462562, 104.06248123122954, 212.5111761766896, 114.17968295629481, 0.0, 45.39823785126467, 168.44286865284622, 164.46884203398528, 174.64249196572982, 85.0, 219.03652663425797, 132.38202294873727, 118.40608092492548, 193.13207915827965, 132.19682295728592, 138.82723075823418, 206.1674077054858, 79.98124780221924, 114.69088891450794, 157.00318468107582, 41.78516483155236, 176.92088627406318, 25.0, 179.35439777156287, 194.0412327316027, 141.0319112825179, 135.94851966829208, 157.31814898478814, 138.6542462386205, 138.45215780189199, 140.46351839534705, 124.80785231707178, 51.419840528729765, 31.016124838541646, 126.92123541787639, 93.00537618869137, 111.94641575325224, 109.60383204979651, 151.75308893067054, 133.4053971921676, 114.35471131527551, 155.56349186104046, 99.76472322419383, 109.60383204979651, 99.40321926376429, 157.87653403846943, 179.3599732381782, 26.1725046566048, 157.8923684032892, 105.94810050208545, 194.09533739891847, 64.38167441127949, 188.28967045486058, 173.5655495770978, 112.69871339105873], [151.25144627407698, 30.870698080866262, 66.64833081180653, 33.60059523282288, 96.84007434941384, 71.55417527999327, 167.6305461424021, 69.85699678629192, 45.39823785126467, 0.0, 123.0447073221762, 120.42009799032718, 129.5414991421668, 39.6232255123179, 174.28711943227475, 90.44335243676011, 82.20097323024831, 152.46311029229332, 90.13878188659973, 94.54099639838793, 163.48700254148645, 50.0, 81.49233092751734, 114.28473213863697, 44.598206241955516, 136.56500283747664, 69.00724599634447, 133.9589489358587, 149.01342221424215, 96.04686356149273, 101.78899744078434, 113.13708498984761, 93.39164844888434, 95.60334722173695, 99.16148445843275, 86.31338250816034, 18.681541692269406, 41.048751503547585, 84.75848040166836, 57.4543296888929, 78.39005038906404, 78.29431652425353, 108.93117092916977, 88.54377448471462, 69.06518659932803, 112.53888216967503, 68.0294054067798, 70.76722405181653, 63.51377803280167, 115.7410903698423, 136.56134152826706, 71.56814934033156, 112.92918134831227, 61.741396161732524, 149.26486525636233, 38.05259518088089, 142.89856542317, 131.0267148332736, 71.21797525905943], [49.92995093127971, 109.65856099730654, 100.64790112068906, 149.05368160498418, 31.016124838541646, 102.0, 50.99019513592785, 59.22837157984339, 168.44286865284622, 123.0447073221762, 0.0, 35.11409973215888, 18.24828759089466, 83.48652585896721, 58.137767414994535, 60.0, 88.48163651289458, 76.40026177965623, 59.033888572581766, 40.8166632639171, 68.26419266350405, 112.64102272262978, 98.73702446397704, 48.507731342539614, 152.9477034806342, 71.06335201775947, 191.58809983921236, 11.0, 32.449961479175904, 32.202484376209235, 95.4829827770373, 33.52610922848042, 31.400636936215164, 51.61395160225576, 60.90155991434045, 78.60025445251433, 121.8400590938793, 156.1569723067145, 60.8276253029822, 97.73944955850733, 97.94386147176351, 104.62313319720452, 48.104053883222775, 39.84971769034255, 54.57105459856901, 45.880278987817846, 104.65180361560904, 82.29216244576394, 94.54099639838793, 53.36665625650534, 51.97114584074513, 194.61243536834948, 22.02271554554524, 66.75327707311455, 36.05551275463989, 122.0, 20.0, 52.952809179494906, 71.69379331573968], [84.53401682163222, 99.24716620639605, 79.63039620647382, 140.03570973148243, 27.80287754891569, 79.42921376924235, 50.00999900019995, 50.566787519082126, 164.46884203398528, 120.42009799032718, 35.11409973215888, 0.0, 21.213203435596427, 82.49242389456137, 87.04596486914255, 36.124783736376884, 63.324560795950255, 111.40017953306898, 82.86132994346639, 25.942243542145693, 102.88342918079665, 96.00520819205592, 73.37574531137656, 80.0, 140.91131963046828, 105.07616285342742, 185.32404053441098, 40.22437072223753, 64.20280367709809, 53.85164807134504, 64.89992295835181, 65.03076195155643, 33.83784863137726, 77.12976079309465, 87.86353054595519, 52.88667128870941, 124.55520864259351, 146.32839779072276, 82.63776376451628, 80.0, 73.49829930005184, 80.0812087820857, 78.16009211867653, 33.421549934136806, 61.61980201201558, 77.00649323271382, 83.02409288875127, 62.07253821135398, 75.1065909225016, 85.0, 86.83317338436964, 190.06577808748213, 16.1245154965971, 58.69412236331676, 32.14031735997639, 108.55873986004075, 45.967379738244816, 19.1049731745428, 54.230987451824994], [64.62197768561404, 112.16059914247963, 97.26767191621273, 152.64337522473747, 32.7566787083184, 97.71898484941399, 38.48376280978771, 61.29437168288782, 174.64249196572982, 129.5414991421668, 18.24828759089466, 21.213203435596427, 0.0, 90.13878188659973, 65.85590330410783, 54.08326913195984, 82.46211251235322, 93.38094023943002, 75.47184905645283, 38.118237105091836, 82.85529554590944, 111.87939935484101, 92.70382947861431, 66.70832032063167, 155.00322577288512, 89.0, 196.78668654154427, 19.697715603592208, 43.266615305567875, 47.01063709417264, 85.80209787645055, 51.66236541235796, 36.40054944640259, 68.47627326307996, 78.29431652425353, 72.09022125087424, 130.78226179417453, 159.38004893963358, 76.60939890117922, 96.17692030835673, 92.47702417357513, 99.16148445843275, 66.09841147864296, 41.43669871020132, 64.00781202322104, 64.03124237432849, 100.96038827183659, 79.07591289387686, 91.98369420718001, 71.58910531638176, 69.35416353759881, 200.66140635408692, 17.029386365926403, 69.46221994724903, 20.808652046684813, 123.06502346320826, 24.758836806279895, 36.40054944640259, 69.72087205421343], [114.84337159801605, 33.421549934136806, 52.61178575186362, 67.26812023536856, 57.584720195551874, 57.42821606144492, 128.41339493993607, 32.64965543462902, 85.0, 39.6232255123179, 83.48652585896721, 82.49242389456137, 90.13878188659973, 0.0, 136.06616037795732, 57.0087712549569, 59.841457201508724, 120.95040305844375, 59.033888572581766, 56.60388679233962, 128.69343417595164, 48.02082881417188, 64.00781202322104, 80.52949770115296, 73.7360156233031, 106.01886624558857, 108.16653826391968, 94.42986815621421, 110.3675676999362, 57.87054518492115, 79.83107164506812, 76.53757247260981, 53.85164807134504, 62.433965115151864, 68.8839603971781, 59.464274989274024, 42.20189569201838, 74.73285756613352, 53.907327887774215, 42.95346318982906, 61.0, 64.28063471995279, 75.17978451685, 49.658836071740545, 30.265491900843113, 78.26237921249263, 56.089214649520635, 45.89117562233506, 46.17358552246078, 83.00602387778854, 102.04410811016969, 111.15754585272202, 73.7360156233031, 25.495097567963924, 110.13627921806692, 48.27007354458868, 103.39245620450265, 95.13148795220224, 40.718546143004666], [29.68164415931166, 165.42369842317032, 158.7765725792064, 203.22647465327935, 89.05054744357274, 160.12495120998477, 61.61168720299745, 116.37869220780924, 219.03652663425797, 174.28711943227475, 58.137767414994535, 87.04596486914255, 65.85590330410783, 136.06616037795732, 0.0, 117.66052864066182, 146.2908062729849, 58.249463516842795, 91.21951545584969, 98.88377015466189, 35.77708763999664, 170.18813119603846, 156.5790535161073, 67.35725647619564, 208.48261318392957, 66.52818951391959, 243.24884377936928, 48.54894437575342, 26.248809496813376, 78.31347265956222, 151.48927354766738, 62.289646009589745, 88.60022573334675, 83.54639429682169, 86.33075929238663, 136.2130683891968, 169.1892431568863, 210.60151946270474, 95.70788891204319, 155.6181223379848, 155.9134375222354, 162.60996279441184, 71.56814934033156, 97.6933979345585, 105.80170130957252, 67.446274915669, 162.78820596099706, 140.42791745233566, 152.6106156202772, 69.07966415668217, 48.877397639399746, 245.00204080782675, 78.77182237323191, 123.36936410632909, 64.4980619863884, 178.5721142843977, 41.23105625617661, 99.6393496566492, 129.76902558006668], [108.2081327812286, 65.55150646628954, 43.56604182158393, 105.94810050208545, 31.400636936215164, 43.68065933568311, 86.02325267042627, 26.0, 132.38202294873727, 90.44335243676011, 60.0, 36.124783736376884, 54.08326913195984, 57.0087712549569, 117.66052864066182, 0.0, 28.653097563788805, 128.79829191413992, 82.73451516749222, 19.849433241279208, 126.0634760745554, 60.13318551349163, 38.948684188300895, 90.47098982546837, 105.72133181151285, 118.53269591129698, 151.82226450688975, 69.1158447825099, 92.41753080449618, 59.23681287847955, 37.589892258425, 77.89736837660179, 35.35533905932738, 80.049984384758, 90.80198235721508, 18.601075237738275, 98.29038610159185, 111.8257573191436, 80.22468448052632, 44.10215414239989, 38.48376280978771, 45.18849411078001, 86.7294644281861, 26.0, 49.25444142409901, 87.32124598286491, 47.07440918375928, 26.0, 39.01281840626232, 95.0789145920377, 104.5609869884557, 157.30861387730806, 38.948684188300895, 31.622776601683793, 68.26419266350405, 73.348483283569, 76.94153624668537, 41.23105625617661, 19.697715603592208], [135.88230201170424, 52.3450093132096, 19.313207915827967, 88.83692925805124, 58.7962583843564, 17.11724276862369, 112.14722466472365, 40.85339643163099, 118.40608092492548, 82.20097323024831, 88.48163651289458, 63.324560795950255, 82.46211251235322, 59.841457201508724, 146.2908062729849, 28.653097563788805, 0.0, 154.40207252495026, 102.52804494381037, 47.80167361086848, 153.44380078712857, 39.35733730830886, 10.295630140987, 114.58621208504974, 85.61541917201598, 142.88806808127822, 134.71822445385777, 97.75479527879949, 120.9297316626478, 83.48652585896721, 20.248456731316587, 103.40696301506973, 61.554853586049575, 101.55294185792945, 111.61541112229978, 10.44030650891055, 94.82615672903758, 93.47726996441435, 98.97979591815695, 25.495097567963924, 10.198039027185569, 16.76305461424021, 110.27692415006868, 51.66236541235796, 66.09841147864296, 111.51681487560519, 21.37755832643195, 14.035668847618199, 19.1049731745428, 118.84864324004712, 130.728726758888, 141.50971698084905, 67.60177512462228, 40.607881008493905, 95.12623192369179, 54.70831746635972, 105.58882516630251, 63.0317380372777, 23.08679276123039], [32.984845004941285, 154.20765220960988, 160.58953888718904, 185.22418848519757, 97.6165969494942, 163.6001222493431, 109.65856099730654, 115.43396380615195, 193.13207915827965, 152.46311029229332, 76.40026177965623, 111.40017953306898, 93.38094023943002, 120.95040305844375, 58.249463516842795, 128.79829191413992, 154.40207252495026, 0.0, 62.609903369994115, 109.27488274987991, 23.345235059857504, 165.42369842317032, 163.835283135227, 41.10960958218893, 193.70596273734063, 16.278820596099706, 218.13069476806788, 74.43117626371358, 56.568542494923804, 71.06335201775947, 166.35504200354134, 51.03920062069938, 93.49331526906082, 58.52349955359813, 53.31041174104736, 146.16771189288008, 141.7603611733548, 192.83671849520775, 67.97793759742936, 154.17522498767434, 162.11107303327555, 168.24089871371942, 46.22769732530488, 103.1746092796091, 94.36630754670864, 43.86342439892262, 164.83021567661677, 144.04513181638595, 153.48289807011074, 38.01315561749642, 24.698178070456937, 217.5890622251036, 96.79876032264049, 119.50313803411188, 104.00480758118829, 168.92897915988246, 74.00675644831355, 129.29423807734048, 132.7742444904131], [64.1248781675256, 92.45539465060976, 104.10091258005379, 122.65398485169571, 57.55866572463264, 107.91200118615167, 109.65856099730654, 61.68468205316454, 132.19682295728592, 90.13878188659973, 59.033888572581766, 82.86132994346639, 75.47184905645283, 59.033888572581766, 91.21951545584969, 82.73451516749222, 102.52804494381037, 62.609903369994115, 0.0, 67.02984409947557, 73.97972695272672, 105.47511554864494, 110.57124400132251, 25.019992006393608, 131.12589370524802, 47.16990566028302, 157.08914666519772, 66.48308055437865, 69.85699678629192, 29.154759474226502, 118.6001686339442, 30.4138126514911, 51.35172830587107, 8.06225774829855, 9.899494936611665, 96.56603957913983, 80.89499366462674, 130.26895255585654, 5.385164807134504, 96.26006440887103, 108.25894882179486, 113.6001760562016, 20.024984394500787, 58.008620049092706, 36.6742416417845, 24.08318915758459, 108.2266141020775, 89.96110270555825, 96.89685237405806, 25.709920264364882, 47.265209192385896, 157.40711546813887, 67.06713054842886, 63.06346010171025, 95.0, 107.29864864013899, 73.24616030891995, 101.65136496870073, 79.47955712005447], [88.3911760301898, 74.54528824815154, 60.166435825965294, 115.26057435220423, 11.661903789690601, 61.26989472816156, 74.14849964766651, 24.698178070456937, 138.82723075823418, 94.54099639838793, 40.8166632639171, 25.942243542145693, 38.118237105091836, 56.60388679233962, 98.88377015466189, 19.849433241279208, 47.80167361086848, 109.27488274987991, 67.02984409947557, 0.0, 106.21675950620975, 73.824115301167, 58.008620049092706, 71.78439941937245, 117.06835610018618, 99.53893710503444, 160.099968769516, 50.566787519082126, 73.24616030891995, 41.0, 57.14017850864661, 58.60034129593445, 16.492422502470642, 63.198101237299845, 74.16872656315464, 38.2099463490856, 98.73702446397704, 121.80722474467596, 65.37583651472461, 58.249463516842795, 57.14017850864661, 63.812224534175265, 68.41052550594829, 9.486832980505138, 38.47076812334269, 68.62215385719105, 64.07807737440318, 41.78516483155236, 54.405882034941776, 76.53757247260981, 84.90583018850944, 164.5600194457937, 21.37755832643195, 32.89376840679705, 55.731499172371095, 85.00588214941364, 58.872744118140105, 39.824615503479755, 31.78049716414141], [18.35755975068582, 161.01242188104618, 162.265215003093, 195.1127878945919, 94.79451460923254, 164.6572197020222, 92.02173656261873, 117.2006825918689, 206.1674077054858, 163.48700254148645, 68.26419266350405, 102.88342918079665, 82.85529554590944, 128.69343417595164, 35.77708763999664, 126.0634760745554, 153.44380078712857, 23.345235059857504, 73.97972695272672, 106.21675950620975, 0.0, 169.81166037701888, 163.3799253274404, 49.24428900898052, 202.4080037943164, 35.4682957019364, 231.03679360655957, 63.15853069855251, 41.0, 73.24616030891995, 162.88953311984167, 52.839379254491625, 91.96738552334735, 67.91170738539859, 66.18912297349165, 144.31216164966833, 154.8709139896837, 202.70421801235415, 79.2464510246358, 157.05094714773293, 162.0524606416083, 168.50519279832298, 54.57105459856901, 101.86265262597475, 99.72963451251589, 50.96076922496363, 166.48123017325406, 144.69277798148738, 155.4155719353759, 48.373546489791295, 26.92582403567252, 231.36551169091732, 90.13878188659973, 122.58874336577564, 89.44271909999159, 175.31685600648902, 60.166435825965294, 119.23086848631104, 133.41664064126334], [153.95129099815955, 20.024984394500787, 20.248456731316587, 49.64876634922564, 81.74350127074322, 24.08318915758459, 146.01369798755184, 53.85164807134504, 79.98124780221924, 50.0, 112.64102272262978, 96.00520819205592, 111.87939935484101, 48.02082881417188, 170.18813119603846, 60.13318551349163, 39.35733730830886, 165.42369842317032, 105.47511554864494, 73.824115301167, 169.81166037701888, 0.0, 34.713109915419565, 124.32618388738553, 46.486557196677836, 151.42654985173505, 95.38343671728336, 123.22743201089601, 143.96180048887967, 96.56603957913983, 55.97320787662612, 117.04699910719626, 81.59656855530139, 107.5174404457249, 115.36463929644994, 47.43416490252569, 66.61080993352356, 54.120236510939236, 100.65783625729296, 16.0312195418814, 32.01562118716424, 29.832867780352597, 119.20570456148481, 72.80109889280519, 71.06335201775947, 121.65936051122412, 19.79898987322333, 34.23448553724738, 21.587033144922902, 127.5617497528158, 144.26711336961034, 102.34256201600583, 95.1892851112981, 47.41307836451879, 128.01562404644207, 15.620499351813308, 131.93938001976514, 100.0199980003999, 42.190046219457976], [145.91093173576817, 50.774009099144415, 15.0, 84.20213774008353, 68.8839603971781, 10.63014581273465, 121.82364302548172, 49.24428900898052, 114.69088891450794, 81.49233092751734, 98.73702446397704, 73.37574531137656, 92.70382947861431, 64.00781202322104, 156.5790535161073, 38.948684188300895, 10.295630140987, 163.835283135227, 110.57124400132251, 58.008620049092706, 163.3799253274404, 34.713109915419565, 0.0, 123.70933675353692, 79.64923100695951, 151.99013125857877, 129.5414991421668, 108.04628637764465, 131.18688958886096, 92.80086206496145, 21.2602916254693, 112.92918134831227, 71.42128534267638, 110.05907504608605, 119.86659251017358, 20.615528128088304, 95.63472172804185, 88.20430828479978, 106.77546534667971, 24.166091947189145, 3.1622776601683795, 7.0, 119.26860441876563, 61.5223536610881, 73.92563831310488, 120.6731121667126, 15.0, 20.615528128088304, 18.681541692269406, 127.8632081562167, 140.356688476182, 136.82470537150812, 77.89736837660179, 47.75981574503821, 105.01904589168576, 50.32891812864648, 115.88356225108029, 72.06247289678588, 31.38470965295043], [39.319206502675, 113.53413583587978, 119.75391434103521, 146.18481453283715, 60.440052945046304, 122.9186723000212, 95.1892851112981, 74.81310045707235, 157.00318468107582, 114.28473213863697, 48.507731342539614, 80.0, 66.70832032063167, 80.52949770115296, 67.35725647619564, 90.47098982546837, 114.58621208504974, 41.10960958218893, 25.019992006393608, 71.78439941937245, 49.24428900898052, 124.32618388738553, 123.70933675353692, 0.0, 153.93505123915085, 28.30194339616981, 181.8378398463862, 52.32590180780452, 48.60041152089147, 31.304951684997057, 127.9531164137865, 15.132745950421556, 55.362442142665635, 18.681541692269406, 18.973665961010276, 106.94391053257777, 105.80170130957252, 153.79206741571556, 30.14962686336267, 113.13708498984761, 121.82774724995944, 127.80062597655773, 5.385164807134504, 64.47480127925948, 53.2634959423431, 3.1622776601683795, 123.98790263570072, 103.60019305001319, 112.60994627474076, 5.0, 22.360679774997898, 182.33211456021672, 64.03124237432849, 78.5175139698144, 83.38465086573187, 128.16005617976296, 56.859475903318, 99.02019995940222, 92.41753080449618], [188.4728097100481, 43.289721643826724, 66.30987860040162, 13.341664064126334, 123.14625451064275, 69.31810730249349, 190.7590102721232, 94.13288479590966, 41.78516483155236, 44.598206241955516, 152.9477034806342, 140.91131963046828, 155.00322577288512, 73.7360156233031, 208.48261318392957, 105.72133181151285, 85.61541917201598, 193.70596273734063, 131.12589370524802, 117.06835610018618, 202.4080037943164, 46.486557196677836, 79.64923100695951, 153.93505123915085, 0.0, 178.23860412379804, 50.44799302251776, 163.88410539158457, 182.3896926912264, 131.04197800704932, 100.4987562112089, 150.2165104108067, 121.59358535712317, 135.51752654177244, 140.65560778013793, 93.92017887546851, 61.85466837676846, 10.770329614269007, 125.78155667664477, 62.0966987850401, 77.3692445355388, 73.57309290766564, 148.5563866011825, 114.10959644131601, 103.4456378974, 151.79591562357663, 64.8459713474939, 80.2807573457052, 68.00735254367721, 156.08010763707205, 175.69291391516052, 58.69412236331676, 138.0, 86.28441342444185, 172.4905794529081, 32.38826948140329, 172.8380745090618, 146.24978632463024, 86.70063436907483], [37.64306044943742, 139.40229553346674, 147.75655653811103, 169.49631264425784, 88.02272433866155, 151.02979838429235, 110.67971810589327, 103.00485425454472, 176.92088627406318, 136.56500283747664, 71.06335201775947, 105.07616285342742, 89.0, 106.01886624558857, 66.52818951391959, 118.53269591129698, 142.88806808127822, 16.278820596099706, 47.16990566028302, 99.53893710503444, 35.4682957019364, 151.42654985173505, 151.99013125857877, 28.30194339616981, 178.23860412379804, 0.0, 201.92077654367318, 71.449282711585, 58.180752831155424, 59.53990258641679, 156.08010763707205, 41.10960958218893, 83.2586331859946, 43.93176527297759, 37.589892258425, 135.20355024924456, 125.57467897629681, 177.1016657177453, 52.478567053607705, 140.85808461000738, 150.08331019803634, 156.01281998605114, 32.802438933713454, 92.57429448826494, 80.62257748298549, 31.38470965295043, 151.9802618763371, 131.8256424221024, 140.5844941663198, 24.20743687382041, 21.18962010041709, 201.32560691576222, 89.62700485902673, 106.4048871058092, 102.42070103255493, 154.20116731075677, 73.00684899377592, 123.68508398347798, 120.6731121667126], [219.66565503054863, 86.33075929238663, 115.6027681329474, 46.09772228646444, 164.07315441594946, 119.03780911962384, 234.18368858654523, 135.71293232407882, 25.0, 69.00724599634447, 191.58809983921236, 185.32404053441098, 196.78668654154427, 108.16653826391968, 243.24884377936928, 151.82226450688975, 134.71822445385777, 218.13069476806788, 157.08914666519772, 160.099968769516, 231.03679360655957, 95.38343671728336, 129.5414991421668, 181.8378398463862, 50.44799302251776, 201.92077654367318, 0.0, 202.5561650505854, 218.02064122463267, 165.04847772699995, 150.60212481900777, 181.79658962697843, 161.24515496597098, 163.24827717314508, 165.42369842317032, 142.22517358048822, 76.40026177965623, 41.340053217188775, 151.79591562357663, 110.02272492535349, 127.09445306542689, 123.70933675353692, 176.56726763474595, 155.36408851468863, 138.01449199268893, 180.34688796871433, 114.58621208504974, 127.63228431709588, 116.27553482998907, 182.7840255602223, 204.1984329028996, 10.198039027185569, 179.86939706353607, 127.47548783981962, 215.74522010927612, 80.06247560499239, 211.53250341259616, 193.00259065618783, 132.18925826253812], [44.94441010848846, 120.59850745345068, 110.69326989478628, 160.04999218994044, 41.48493702538308, 111.8257573191436, 43.41658669218482, 70.03570517957252, 179.35439777156287, 133.9589489358587, 11.0, 40.22437072223753, 19.697715603592208, 94.42986815621421, 48.54894437575342, 69.1158447825099, 97.75479527879949, 74.43117626371358, 66.48308055437865, 50.566787519082126, 63.15853069855251, 123.22743201089601, 108.04628637764465, 52.32590180780452, 163.88410539158457, 71.449282711585, 202.5561650505854, 0.0, 24.08318915758459, 41.593268686170845, 103.39245620450265, 38.27531841800928, 42.2965719651132, 58.69412236331676, 67.00746227100382, 87.66413177577246, 132.43866504914644, 167.14664220378464, 68.8839603971781, 108.15729286552988, 107.42439201596628, 114.12712210513327, 53.0, 50.44799302251776, 65.30696746902278, 50.11985634456667, 114.63420083029322, 92.30926280715278, 104.75208828467335, 56.859475903318, 51.0098029794274, 205.526154053444, 30.23243291566195, 77.64663547121665, 31.32091952673165, 132.83448347473634, 9.0, 56.08029957123981, 81.93289937503738], [24.0, 139.26952286842948, 132.83448347473634, 177.36967046256808, 63.06346010171025, 134.33167906342868, 53.150729063673246, 90.13878188659973, 194.0412327316027, 149.01342221424215, 32.449961479175904, 64.20280367709809, 43.266615305567875, 110.3675676999362, 26.248809496813376, 92.41753080449618, 120.9297316626478, 56.568542494923804, 69.85699678629192, 73.24616030891995, 41.0, 143.96180048887967, 131.18688958886096, 48.60041152089147, 182.3896926912264, 58.180752831155424, 218.02064122463267, 24.08318915758459, 0.0, 53.009433122794285, 127.34991166074674, 39.56008088970496, 62.39390995922599, 61.84658438426491, 66.88796603276258, 111.01801655587259, 144.88616221019868, 184.69975636150687, 73.7360156233031, 129.46814279968643, 130.38404810405297, 137.05838172107534, 51.62363799656123, 71.58910531638176, 80.15609770940699, 47.70744176750625, 136.88316185711082, 114.5294721894762, 126.57408897558773, 51.73973328110612, 37.12142238654117, 220.11133546457802, 53.907327887774215, 97.12363255150623, 48.507731342539614, 152.34500319997372, 19.313207915827967, 79.17701686727027, 103.75451797391764], [57.77542730261716, 88.60022573334675, 89.8276126811795, 125.13193037750197, 30.14962686336267, 92.65527507918802, 83.09632964216891, 44.553338819890925, 141.0319112825179, 96.04686356149273, 32.202484376209235, 53.85164807134504, 47.01063709417264, 57.87054518492115, 78.31347265956222, 59.23681287847955, 83.48652585896721, 71.06335201775947, 29.154759474226502, 41.0, 73.24616030891995, 96.56603957913983, 92.80086206496145, 31.304951684997057, 131.04197800704932, 59.53990258641679, 165.04847772699995, 41.593268686170845, 53.009433122794285, 0.0, 96.66436778875658, 20.615528128088304, 24.515301344262525, 23.345235059857504, 34.23448553724738, 75.66372975210778, 92.22797840135064, 132.5745073534124, 29.68164415931166, 84.02380615040002, 91.0494371207203, 97.18538984847466, 27.51363298439521, 33.24154027718932, 27.65863337187866, 28.178005607210743, 94.06912352095134, 73.0, 82.80700453464067, 35.84689665786984, 48.16637831516918, 167.10774967068403, 37.94733192202055, 49.4064773081425, 67.20863039818622, 102.55242561733974, 49.76946855251722, 72.78049189171504, 61.71709649683789], [144.81022063376605, 71.40028011149536, 36.069377593742864, 105.4229576515476, 68.79680225126747, 31.89043743820395, 109.73149046650191, 57.55866572463264, 135.94851966829208, 101.78899744078434, 95.4829827770373, 64.89992295835181, 85.80209787645055, 79.83107164506812, 151.48927354766738, 37.589892258425, 20.248456731316587, 166.35504200354134, 118.6001686339442, 57.14017850864661, 162.88953311984167, 55.97320787662612, 21.2602916254693, 127.9531164137865, 100.4987562112089, 156.08010763707205, 150.60212481900777, 103.39245620450265, 127.34991166074674, 96.66436778875658, 0.0, 115.48592987892508, 72.94518489934754, 116.69190203266035, 127.20062892926276, 22.20360331117452, 114.93476410555685, 109.288608738514, 115.52056094046635, 44.40720662234904, 24.041630560342615, 26.92582403567252, 124.08464852672147, 63.50590523722971, 83.02409288875127, 124.8118584109699, 36.235341863986875, 33.95585369269929, 38.27531841800928, 132.5028301584536, 142.04224723651762, 158.00316452527144, 73.53910524340094, 59.0, 94.42986815621421, 71.58910531638176, 110.25878649794764, 58.52349955359813, 41.0], [38.3275357934736, 108.33743581975715, 110.39021695784459, 143.58621103713267, 47.01063709417264, 113.13708498984761, 81.60882305241266, 65.11528238439882, 157.31814898478814, 113.13708498984761, 33.52610922848042, 65.03076195155643, 51.66236541235796, 76.53757247260981, 62.289646009589745, 77.89736837660179, 103.40696301506973, 51.03920062069938, 30.4138126514911, 58.60034129593445, 52.839379254491625, 117.04699910719626, 112.92918134831227, 15.132745950421556, 150.2165104108067, 41.10960958218893, 181.79658962697843, 38.27531841800928, 39.56008088970496, 20.615528128088304, 115.48592987892508, 0.0, 42.5440947723653, 22.360679774997898, 29.0, 95.13148795220224, 107.01868995647442, 151.11915828246265, 34.17601498127012, 104.63746938836012, 111.28791488746656, 117.51595636338071, 14.7648230602334, 52.15361924162119, 47.01063709417264, 12.36931687685298, 114.6298390472568, 93.38094023943002, 103.39245620450265, 20.09975124224178, 27.586228448267445, 183.13383084509536, 49.16299421312742, 70.0, 68.87670143089025, 122.53978945632312, 43.86342439892262, 84.0, 82.07313811473277], [74.65252842335616, 78.31347265956222, 71.02112361825881, 118.00423721205946, 6.324555320336759, 73.00684899377592, 74.84650960465692, 27.892651361962706, 138.6542462386205, 93.39164844888434, 31.400636936215164, 33.83784863137726, 36.40054944640259, 53.85164807134504, 88.60022573334675, 35.35533905932738, 61.554853586049575, 93.49331526906082, 51.35172830587107, 16.492422502470642, 91.96738552334735, 81.59656855530139, 71.42128534267638, 55.362442142665635, 121.59358535712317, 83.2586331859946, 161.24515496597098, 42.2965719651132, 62.39390995922599, 24.515301344262525, 72.94518489934754, 42.5440947723653, 0.0, 47.01063709417264, 58.008620049092706, 52.80151512977634, 94.42986815621421, 125.01599897613104, 50.21951811795888, 67.11929677819934, 70.09279563550022, 76.57675887630658, 51.92301994298868, 9.899494936611665, 28.42534080710379, 52.20153254455275, 75.16648189186454, 53.009433122794285, 64.4980619863884, 60.08327554319921, 69.40461079784254, 164.75436261295178, 20.808652046684813, 35.35533905932738, 56.79788728465171, 90.60905032059435, 51.24451190127583, 51.478150704935004, 41.88078318274385], [57.0, 95.69221493935649, 104.62313319720452, 127.58134659894448, 53.009433122794285, 108.16653826391968, 101.9803902718557, 60.8276253029822, 138.45215780189199, 95.60334722173695, 51.61395160225576, 77.12976079309465, 68.47627326307996, 62.433965115151864, 83.54639429682169, 80.049984384758, 101.55294185792945, 58.52349955359813, 8.06225774829855, 63.198101237299845, 67.91170738539859, 107.5174404457249, 110.05907504608605, 18.681541692269406, 135.51752654177244, 43.93176527297759, 163.24827717314508, 58.69412236331676, 61.84658438426491, 23.345235059857504, 116.69190203266035, 22.360679774997898, 47.01063709417264, 0.0, 11.0, 94.92101980067429, 87.36704184073076, 135.19245541079576, 12.165525060596439, 97.30878685915265, 107.91200118615167, 113.53413583587978, 13.341664064126334, 54.589376255824725, 37.013511046643494, 17.11724276862369, 108.81176406988355, 89.55445270895244, 97.41663102366043, 20.591260281974, 41.0, 163.88410539158457, 61.1310068623117, 63.245553203367585, 87.65842800324451, 110.43550153822818, 65.29931086925804, 96.1041102138717, 78.71467461661771], [58.05170109479997, 102.30347012687302, 113.74093370462545, 131.94695904036593, 64.00781202322104, 117.47765745025733, 110.42191811411355, 70.77428911688199, 140.46351839534705, 99.16148445843275, 60.90155991434045, 87.86353054595519, 78.29431652425353, 68.8839603971781, 86.33075929238663, 90.80198235721508, 111.61541112229978, 53.31041174104736, 9.899494936611665, 74.16872656315464, 66.18912297349165, 115.36463929644994, 119.86659251017358, 18.973665961010276, 140.65560778013793, 37.589892258425, 165.42369842317032, 67.00746227100382, 66.88796603276258, 34.23448553724738, 127.20062892926276, 29.0, 58.008620049092706, 11.0, 0.0, 105.30432089900205, 89.05054744357274, 139.5564401953561, 15.0, 106.01886624558857, 117.61802582937702, 123.06502346320826, 15.264337522473747, 65.49045732013177, 46.14108798023731, 19.235384061671343, 117.88553770501282, 99.28242543370907, 106.53168542738823, 18.027756377319946, 40.049968789001575, 165.38742394752995, 71.80529228406496, 72.56031973468694, 96.89685237405806, 117.15374513859982, 72.86288492778748, 106.88779163215975, 88.63972021616495], [126.57408897558773, 57.8013840664737, 28.284271247461902, 96.15092303249095, 49.51767361255979, 27.018512172212592, 101.83319694480774, 35.35533905932738, 124.80785231707178, 86.31338250816034, 78.60025445251433, 52.88667128870941, 72.09022125087424, 59.464274989274024, 136.2130683891968, 18.601075237738275, 10.44030650891055, 146.16771189288008, 96.56603957913983, 38.2099463490856, 144.31216164966833, 47.43416490252569, 20.615528128088304, 106.94391053257777, 93.92017887546851, 135.20355024924456, 142.22517358048822, 87.66413177577246, 111.01801655587259, 75.66372975210778, 22.20360331117452, 95.13148795220224, 52.80151512977634, 94.92101980067429, 105.30432089900205, 0.0, 97.3498844375277, 101.23734488813898, 93.39164844888434, 32.202484376209235, 20.615528128088304, 27.202941017470888, 102.85912696499032, 43.01162633521314, 60.8276253029822, 103.83159442096611, 31.016124838541646, 15.556349186104045, 26.0, 111.36426715962351, 122.20065466273084, 148.60686390607938, 57.4543296888929, 37.12142238654117, 84.72307831990054, 62.24146527838174, 95.38343671728336, 53.23532661682466, 19.235384061671343], [144.22205101855957, 46.69047011971501, 81.27115109311545, 49.678969393496885, 98.8382517044894